TNN ADMM: 29.400 
TCTF: 10.496607
TOUCAN: 0.737681
OLSTEC: 15.429989
TeCPSGD: 1.139350
TNN ADMM: 32.573 
TCTF: 10.362010
TOUCAN: 0.740342
OLSTEC: 14.300560
TeCPSGD: 1.167958
