TNN ADMM: 29.488 
TCTF: 10.475323
TOUCAN: 2.996109
OLSTEC: 14.649621
TeCPSGD: 1.173233
TNN ADMM: 31.030 
TCTF: 10.390469
TOUCAN: 3.131436
STC: 5.316243
OLSTEC: 14.853866
TeCPSGD: 1.186032
TNN ADMM: 30.743 
TCTF: 11.278291
TOUCAN: 3.076519
STC: 5.021513
OLSTEC: 13.874850
TeCPSGD: 1.186684
TNN ADMM: 32.823 
TCTF: 12.587282
TOUCAN: 3.382034
STC: 5.188971
OLSTEC: 15.138853
TeCPSGD: 1.458846
