TNN ADMM: 29.668 
TCTF: 10.509691
TOUCAN: 1.709079
OLSTEC: 15.738010
TeCPSGD: 1.263253
TNN ADMM: 34.375 
TCTF: 12.650137
TOUCAN: 1.975304
STC: 7.811503
OLSTEC: 15.938295
TeCPSGD: 1.410844
TNN ADMM: 31.182 
TCTF: 11.196615
TOUCAN: 1.717227
STC: 7.329855
OLSTEC: 15.577784
TeCPSGD: 1.267329
TNN ADMM: 33.453 
TCTF: 11.621450
TOUCAN: 1.764155
STC: 15.248435
OLSTEC: 26.859675
TeCPSGD: 2.304453
