TNN ADMM: 29.299 
TCTF: 10.517512
TOUCAN: 0.625337
OLSTEC: 14.672546
TeCPSGD: 0.983203
TNN ADMM: 31.202 
TCTF: 10.405555
TOUCAN: 0.644013
OLSTEC: 14.043139
TeCPSGD: 0.984243
