TNN ADMM: 29.330 
TCTF: 10.510054
TOUCAN: 0.684133
OLSTEC: 15.238576
TeCPSGD: 1.093393
TNN ADMM: 32.156 
TCTF: 10.323349
TOUCAN: 0.724412
OLSTEC: 14.440224
TeCPSGD: 1.088171
