TNN ADMM: 98.818 
TCTF: 21.639858
TOUCAN: 1.411477
OLSTEC: 45.393514
TeCPSGD: 2.899417
TNN ADMM: 96.619 
TCTF: 21.760780
TOUCAN: 1.444195
OLSTEC: 44.285364
TeCPSGD: 2.991209
TNN ADMM: 113.839 
TCTF: 21.882387
TOUCAN: 1.492991
OLSTEC: 44.752817
TeCPSGD: 3.033089
