TNN ADMM: 92.756 
TCTF: 28.106701
TOUCAN: 1.835739
OLSTEC: 46.162424
TeCPSGD: 2.889029
TNN ADMM: 108.834 
TCTF: 24.399725
TOUCAN: 1.426885
OLSTEC: 44.576931
TeCPSGD: 2.881233
TNN ADMM: 131.192 
TCTF: 28.045952
TOUCAN: 2.219665
OLSTEC: 66.292575
TeCPSGD: 4.879638
