TNN ADMM: 155.282 
TCTF: 34.817723
TOUCAN: 1.669753
OLSTEC: 55.521826
TeCPSGD: 4.355487
TNN ADMM: 100.242 
TCTF: 21.222316
TOUCAN: 1.371588
OLSTEC: 42.167675
TeCPSGD: 2.550963
TNN ADMM: 113.888 
TCTF: 24.077590
TOUCAN: 1.915563
OLSTEC: 57.535390
TeCPSGD: 3.746291
